ISS (ZARYA)             
1 25544U 98067A   25099.02883663  .00012701  00000+0  23524-3 0  9990
2 25544  51.6387 289.5561 0005135  20.7798 117.4947 15.49367294504434
CSS (TIANHE)            
1 48274U 21035A   25099.21396801  .00027662  00000+0  29653-3 0  9991
2 48274  41.4650  80.4096 0007518 206.4307 153.6150 15.63160576225377
ISS (NAUKA)             
1 49044U 21066A   25098.81058533  .00017229  00000+0  31609-3 0  9995
2 49044  51.6370 290.6401 0004984  22.5410 337.5797 15.49363734504056
FREGAT DEB              
1 49271U 11037PF  25098.60342186  .00001957  00000+0  48988-2 0  9999
2 49271  51.6208 210.8473 0880086  42.0210 324.4849 12.28307966171356
CSS (WENTIAN)           
1 53239U 22085A   25098.95840926  .00026143  00000+0  28066-3 0  9996
2 53239  41.4651  81.9699 0007526 204.8663 155.1815 15.63146081154535
CSS (MENGTIAN)          
1 54216U 22143A   25098.95840926  .00026143  00000+0  28066-3 0  9997
2 54216  41.4651  81.9699 0007526 204.8663 155.1815 15.63146081138959
SOYUZ-MS 26             
1 61043U 24162A   25098.81058533  .00017229  00000+0  31609-3 0  9998
2 61043  51.6370 290.6401 0004984  22.5410 337.5797 15.49363734504059
SHENZHOU-19 (SZ-19)     
1 61683U 24194A   25098.95840926  .00026143  00000+0  28066-3 0  9991
2 61683  41.4651  81.9699 0007526 204.8663 155.1815 15.63146081225211
TIANZHOU-8              
1 61983U 24211A   25098.95840926  .00026143  00000+0  28066-3 0  9994
2 61983  41.4651  81.9699 0007526 204.8663 155.1815 15.63146081 16290
PROGRESS-MS 29          
1 62030U 24215A   25098.81058533  .00017229  00000+0  31609-3 0  9994
2 62030  51.6370 290.6401 0004984  22.5410 337.5797 15.49363734504056
PROGRESS-MS 30          
1 63129U 25041B   25098.81058533  .00017229  00000+0  31609-3 0  9992
2 63129  51.6370 290.6401 0004984  22.5410 337.5797 15.49363734  5827
CREW DRAGON 10          
1 63204U 25049A   25098.81058533  .00017229  00000+0  31609-3 0  9994
2 63204  51.6370 290.6401 0004984  22.5410 337.5797 15.49363734504050
SOYUZ-MS 27             
1 63520U 25072A   25098.81058533  .00017229  00000+0  31609-3 0  9991
2 63520  51.6370 290.6401 0004984  22.5410 337.5797 15.49363734504310